image: /home/kddi/map/atelier.pgm
resolution: 0.025
origin: [-10.000000, -10.000000, 0.000000]
occupied_thresh: 0.65
free_thresh: 0.196
negate: 0
